          1
1.15678e-05
          1
    0.98794
 0.00367155
5.98515e-08
   0.575776
   0.832387
   0.999953
0.000131853
1.80331e-07
1.54483e-09
          1
   0.999996
  0.0504758
6.38473e-08
   0.999998
   0.999978
  0.0159016
          1
7.20757e-12
  0.0083357
 1.4523e-06
   0.999995
    0.11118
   0.995336
   0.999842
 0.00243297
1.59336e-09
  0.0002671
      0.997
  0.0128929
   0.994922
4.23265e-06
    0.95461
   0.994442
          1
   0.998425
9.45116e-05
   0.999859
  0.0356073
2.57526e-06
   0.515467
   0.297305
4.07816e-06
   0.999999
0.000351798
   0.999979
   0.879092
   0.037363
 0.00011865
   0.999995
          1
1.81909e-07
   0.978107
    0.99373
 1.1385e-07
0.000720813
0.000655085
5.65844e-07
          1
   0.988065
1.06346e-07
   0.910358
          1
1.07196e-05
1.23754e-07
9.60848e-07
          1
 1.9384e-07
          1
 1.0607e-10
  0.0182327
2.21692e-12
   0.843384
   0.999992
          1
   0.999986
0.000217512
0.000182634
7.86056e-07
   0.995881
1.53558e-07
   0.994803
1.60045e-05
2.75774e-05
   0.999997
9.05451e-11
0.000396245
   0.999935
0.000309403
8.61745e-05
   0.999994
5.49942e-06
 7.1823e-05
1.24552e-12
   0.999838
   0.998976
1.73835e-09
   0.999992
