 -1.1146067091447798
 -0.40836028712942596
 0.43657094605054586
 0.24797389652637752
 -0.6146811170439489
 1.4259956111103238
 -0.020759285542695152
 -1.1540513207841725
 0.51056172747728201
 0.9400226384538285
 0.93012525712874994
 1.1807721151404609
 0.66221393174651011
 -1.4547872556713313
 1.5256974554483715
 1.0107944733711434
 -0.028783232889947916
 -0.50223190696786624
 0.055603451884604672
 -0.11515402341893137
 0.31526833341833538
 1.1597795768468464
 0.42336366488864485
 0.7931489555867034
 -1.3372651621216516
 0.18763062898338448
 -1.0196515754527671
 0.53323678583320266
 -0.59802358187966675
 1.1264135811501517
 -0.57030271133835519
 0.76745865128999169
 1.1808414099574014
 -2.2919114504936298
 -1.1703230397942685
 1.4763681150786603
 0.54612866713283514
 0.60918434106380293
 -0.28884167983048764
 0.010893572886054824
 2.2910627184401777
 1.0292009821957646
 0.098817157277191398
 0.25638826287463207
 0.13223676622028172
 1.4448286759431008
 0.73318982610361039
 -1.4442277123388847
 -2.3069580677826709
 -0.55491931803831029
 -0.74182103956109768
 0.65570761296156455
 -0.19372328722631799
 0.8776135358436602
 -1.0985734069706157
 -0.29571091944195022
 0.14867656733853246
 -1.5433220850060443
 1.0582596925909589
 -0.29685260642862882
 1.715793629975134
 -0.031886366769377075
 -1.511780253563477
 -1.3123097995102906
 -0.95685842915273644
 0.38150774553475897
 -1.0257112986148194
 -1.1600044841140431
 0.41845217226042009
 -1.0429242254268021
 -0.47013015197987412
 0.3971590840566383
 0.09557885107532596
 -1.5424713912830268
 0.012441227845148022
 0.84395777453696308
 -1.3311287945590677
 -0.50081396431285385
 0.28580165971774479
 -0.12607900461144309
 -1.3742702756740086
 -0.15234942147861252
 -0.92239457381443268
 -0.052217398254395378
 0.45761309173858333
 0.18720000138048801
 -1.2048609758443238
 -0.43654094260588749
 -0.7031198270087623
 -0.54780873982655731
 0.033365626610164359
 -0.85201550317312891
 -1.3757955561128925
 0.90478626248821881
 -1.2641283289278553
 -1.9366460707310162
 -1.9899066464627677
 0.39890655463286689
 1.3875188041228386
 1.3764710101950029e-05


