 0.022968815833503232 0.053492620587633273 0.24928066702922091 0.82654271081018638
 0.029463408599259958 0.18489690054406291 0.058883748704306592 0.73915456818835246
 0.1716541413376548 0.27191231337795396 0.70658329372138917 0.64884697553641801
 0.016098395882538492 0.072309064338941992 0.14982373068910279 0.76178080561398731
 0.092100282387860472 0.17257092681242264 0.35426956561897371 0.62767676244535642
 0.17403388272602899 0.28182846031720299 0.030599395239662524 0.79365383581868998
 0.0038225113611710078 0.073103259226488512 0.097474124794477882 0.94915048498862298
 0.20812474897419775 0.058877553215865561 0.42211955912701987 0.34898373785790504
 0.022849285854888827 0.11866130590162849 0.061261169466815264 0.70252648456036393
 0.20413916278031841 0.37095980679992674 0.068996786896370538 0.92225387536972936
 0.0036593570744087771 0.054542997670704071 0.55815035166420823 0.84781374148947664
 0.073147640571011419 0.23377590738416637 0.095673228012023034 0.89584670387879062
 0.10719708895813131 0.22467005543783872 0.012014239548014831 0.6865087014736172
 0.26597391139017007 0.04231198193012569 0.0036204385768602351 0.69687052616652079
 0.0067779426154214641 0.19814086859171032 0.53628627391263051 0.69233141779451124
 0.01364898900079954 0.27844859794254345 0.85134139510167317 0.68254697156156596
 0.14501381056333021 0.22156535903177749 0.15716920699539577 0.69045134170040734
 0.59064775896113475 0.39724933185406502 0.0084187314733752006 0.84529043248783509
 0.078668028377649926 0.11150431398976883 0.016084505427579492 0.85517988453961802
 0.47803503665927061 0.33954640579612211 0.020543655155041293 0.81378680133555714
 0.0085056761870526028 0.22009747002545987 0.59056489887201102 0.8503965832292032
 0.0029735708265448482 0.074219261372076739 0.4402161067673222 0.82315427567173016
 0.019279492266638883 0.052907490475015355 0.075807111152091225 0.87103812691059213
 0.42015201262331414 0.070413467555129783 0.013715877774116505 0.52348985984299146
 0.22931917902708671 0.28977940400608154 0.10469891344061422 0.22010351097954062
 0.32386503154619545 0.67429930837313523 0.22694222570617126 0.73829996803756914
 0.0071839660754527369 0.22588550250429204 0.38975395060674789 0.65737780979230498
 0.08408760919005738 0.046308690125880458 0.047518064776524607 0.67093240580824776
 0.042878807141148612 0.19322434114219403 0.31636002050754897 0.52935798592979599
 0.045016567730809809 0.25124681396375453 0.59958406166944644 0.57056872925997348
 0.043077980738466692 0.063841506120325908 0.0057852424212479171 0.47300089246030225
 0.0076623668058313317 0.11043714818964656 0.5300175882231446 0.8851485353472841
 0.010867395574920214 0.061534276353574009 0.67259789947676896 0.84787175265404258
 0.14377199723383297 0.1243240787176499 0.05462339516397615 0.5068336333844361
 0.49720707500159161 0.23430282103219791 0.072365878981914253 0.79585765117857321
 0.010469218842143319 0.066616583414887368 0.59917344159424557 0.75503850743271728
 0.0039758110433819544 0.25540479572025648 0.63459281202887763 0.76278317438327548
 0.16631108844685519 0.1522116576432484 0.028306448558190579 0.38343364602654578
 0.10257723075486924 0.28010776401144782 0.49576967798097193 0.87043656906288758
 0.54397127068683426 0.2274306317780608 0.0084985576443859807 0.92333108805529063
 0.14219348695101447 0.09057082187977078 0.015074707112515651 0.91587706084600773
 0.15405202881101662 0.36120971121957868 0.036438799338058166 0.74010257332720286
 0.10375602594897881 0.068552078393983584 0.028035211028988365 0.8782459981474614
 0.17987075208960721 0.21946184625558851 0.055181913501901311 0.28700476420859228
 0.0406995041795635 0.038364990917407769 0.053896352811718465 0.77963577022537922
 0.52868629715969884 0.1421684159110394 0.018233041098415777 0.58515891973794976
 0.05282715280402147 0.075236088353072772 0.16756807105827382 0.74671656899590788
 0.31138077583803647 0.04865560228746485 0.085959566169842072 0.75172910872651388
 0.019251862620101548 0.07981464447046184 0.65607055856884899 0.84753990885238006
 0.045594722356762984 0.28267144560932683 0.64594086251124405 0.85751824997435344
 0.012668216778900865 0.15678130986585315 0.47061271008168742 0.65931057191523801
 0.016076559347656366 0.076551117881925132 0.098471149399679159 0.87848169685554656
 0.13068057586230558 0.29342280097697726 0.003984244409348291 0.92229417181436424
 0.17518275376550896 0.72386235891628792 0.075696160238452145 0.59462223699413963
 0.16147373023687139 0.24287278779428112 0.80734642421150371 0.79978456428605915
 0.13573359870357735 0.32256742970935121 0.86715246147870395 0.70119892163932707
 0.049425234720408967 0.29912206919524054 0.07450103956489762 0.87546703666534265
 0.23363304911992147 0.13279235155754063 0.07565422778265446 0.67207207321133988
 0.042221403513962072 0.22461422307792769 0.08838429271852935 0.86119675746557911
 0.0097285431727080259 0.23778901254918869 0.67732448450799576 0.64442370985526942
 0.40560663091118226 0.12736390995890984 0.042573242212988659 0.82011064645554455
 0.41626291819530237 0.040923410460749932 0.058293780776832782 0.64735007197385508
 0.06713209631786439 0.11287358561516816 0.16515556573432688 0.77302823171807145
 0.079693327700837244 0.15171259742945473 0.16912551718086682 0.85991660314454266
 0.059462428699657635 0.080580946175704715 0.034162468734474559 0.8955674215992766
 0.10431892358790461 0.30677727942100813 0.69671991471236872 0.78194382154000397
 0.76013433114610307 0.24406834789016679 0.13754676772636734 0.87378055855346559
 0.03217681034825582 0.21225213754947453 0.81651222775923293 0.78483432553564281
 0.58174383865461721 0.69893343984441869 0.2991234973181674 0.72291672499764059
 0.0054562048050788526 0.12644561945425664 0.021947992112630557 0.78747287449739012
 0.0096332669027552609 0.022643977355513357 0.14865672550934414 0.95033913471172304
 0.57500364645935265 0.35863866566511099 0.13304906326043381 0.31786844785226648
 0.020240871428458138 0.13365063243961442 0.025494744726834963 0.84545998112102672
 0.6210819500741831 0.10423190832777825 0.035227530697435949 0.8367099828345701
 0.068764002998116025 0.30954922477392183 0.93469534611316596 0.53763547288498292
 0.14869672960108191 0.083644147449923184 0.30081917068452974 0.73003950072231982
 0.04280234551875596 0.075474261643483531 0.27495389639602619 0.80861250009259111
 0.022299311046611165 0.10008998441841042 0.13360643501707525 0.93799962296058104
 0.023014577901961871 0.034537921504221331 0.20159879799776731 0.88626596061871343
 0.01652752647105284 0.37161739586388809 0.08174359228948859 0.86062821380159338
 0.71189946837014484 0.44604069508678273 0.048605065952264145 0.56516298181854985
 0.48624042800920608 0.09218477993225295 0.001040040181222989 0.84532114022803184
 0.074835539207693216 0.51319713049211224 0.25768239102919405 0.53468674676608519
 0.0035681022577352811 0.078870366904353298 0.73368668510828461 0.76923385382724729
 0.22807005215047124 0.11626903771265648 0.1224706740949372 0.30099125433505136
 0.21139550156002174 0.10961147706259662 0.028186326104512757 0.91039397057271554
 0.24063264493465478 0.21517619047447056 0.085127458000073236 0.78016444482374614
 0.024422787470822955 0.068393515351425002 0.3326372901912365 0.79214897170828946
 0.054908506885013864 0.46400976042055658 0.044395569111714384 0.79056538324440084
 0.63840548647653972 0.18607556025964903 0.0031352807996745135 0.52184350510507038
 0.0032777712901706098 0.19097733073202564 0.53876192423944869 0.34035474352388251
 0.12538909415630259 0.049286940921245394 0.067160439379276349 0.87360836656212748
 0.24435508452684676 0.30191621684401287 0.011250676226733479 0.82177799471424284
 0.070491291393219205 0.28474787037125027 0.01461601018441573 0.76495548781274336
 0.031491801634312977 0.23277351160090226 0.36362257512937918 0.73903600072433351
 0.077954904468907155 0.34182221039568977 0.172788197619797 0.68402608665007458
 0.092022313542233156 0.20971522326543693 0.022818614382545892 0.72226130778747433
 0.013798255481523311 0.13725232171531801 0.11253951679868397 0.91070338369928117
 0.39155641254183998 0.19720063322830536 0.020267298141808301 0.95809912645232154
 0.068780906051356963 0.3939873604745156 0.28435618797191103 0.76809942281812382
 0.7234814980543659 0.28183185378027803 0.0060349860518722287 0.55241945105196522
 0.10004772116977396 0.20326736213740002 0.35176057232646052 0.73164367172096778
 0.038403443575828991 0.11966202238418409 0.70165544772947896 0.30501553427447331
 0.8852337652866813 0.1884763295648953 0.0046505722118981348 0.60524611379526583
 0.020099265806208876 0.13107762719367275 0.18168916419642644 0.80764913176401976
 0.029731122686214886 0.12532381944460869 0.093939280728432911 0.90679751117383733
 0.068257855838735074 0.085979345841713239 0.39089475796687534 0.47488629708312596
 0.44953473367046426 0.23205505639806953 0.0044451486890752252 0.58600304423506699
 0.033317667603495998 0.096059659390027349 0.034788644424859488 0.59065050556383214
 0.017787778349591384 0.20538033600797925 0.015436535610401758 0.91094142314447368
 0.17505432426168507 0.27135550226719307 0.034000710068007631 0.86268798477225617
 0.016708422963563105 0.31882944711005845 0.13305754961640373 0.62751669057283532
 0.010366478340445785 0.049304642434141718 0.045029995440108397 0.92704049814039724
 0.016452244233448494 0.042995262039551389 0.031708296524101953 0.87606759245912247
 0.73551628447027562 0.14736241412208154 0.014233658699504137 0.87524792866371326
 0.12683995429096045 0.041384185896519009 0.013154291607578037 0.72755596759615759
 0.04235062121041145 0.13043344254648315 0.020011265317250327 0.92763322410031679
 0.0086483645155142688 0.32875801838327656 0.27830115867430416 0.6316259913341582
 0.2804663516840698 0.080157734974850167 0.018613498281614314 0.84139137305814549
 0.044126382102421452 0.14243106043210482 0.040728532292437086 0.68045320963256783
 0.0051854159281003089 0.070071821293691453 0.11293004215133809 0.68834184447431235
 0.11494864233995437 0.37427128817324751 0.19096949546886119 0.87008600894897314
 0.15414725578263491 0.36114757813267406 0.095313379060914055 0.74856897951479451
 0.35263659948720072 0.12717435249945203 0.0092954318904713614 0.74959585079489788
 0.69108686950622711 0.57747032234525897 0.012012227886589354 0.19149820846211701
 0.0044177960487619978 0.074550049226869683 0.49900410364990211 0.73968585442773782
 0.077210128430126077 0.067633432605400848 0.36271905469343391 0.60222383101952615
 0.0080012135530635447 0.13748162721083829 0.44207972496889569 0.82250043051758959
 0.010127597296211739 0.13290099230807545 0.46152319736085107 0.91409084693053744
 0.043347709661868433 0.080628729535937027 0.092481214136892129 0.7636776765115455
 0.17483096095081133 0.18279292109471609 0.073446484383600144 0.76357559814614351
 0.027178687719983191 0.062600666375064465 0.6763387789934332 0.52162638053265009
 0.3720113760865163 0.17320193334882295 0.14735763639248439 0.65067819778074609
 0.097913181636270649 0.18336665740339331 0.04750606679664119 0.95986405929359253
 0.093470100456025884 0.2018296958159195 0.25017539444505754 0.67618270688372595
 0.096271377681790213 0.11358049155298403 0.19185633785405004 0.83118164106186332
 0.68296774089496159 0.1915754372253656 0.011820843007016957 0.69386624518688134
 0.40430716231898656 0.27622750893254949 0.41425033281349594 0.62006239785962947
 0.049398418683114731 0.18291405408871592 0.36558571600301498 0.54794904956795509
 0.068404444404283768 0.241928703778933 0.015391293809675398 0.93657511052789888
 0.013837746009685034 0.13759657386798438 0.10767639634674038 0.82407314103179841
 0.46862222684751526 0.17431288608627254 0.11002750988473116 0.33605934077313182
 0.039895520495810237 0.1477604210071069 0.21351166353903697 0.85749251283842798
 0.061136004484487833 0.014439901396059576 0.041278221433086688 0.84006519076938602
 0.010031057497076903 0.10054493289628139 0.36114727223143844 0.88159165746188273
 0.040611288795298184 0.25099884720564564 0.31623435805153183 0.75487467680114428
 0.33229032547914095 0.17434301077738845 0.086106007640066429 0.4525931553882282
 0.88789532953374217 0.28762623758089367 0.00070701852412675525 0.90500601877827114
 0.094845054194454298 0.27309053783238407 0.0052716285241977247 0.83611831390137548
 0.011506904076602353 0.065726675238301488 0.25074911312454584 0.93945732112862046
 0.014327235314156788 0.10605957757146153 0.62445544861885649 0.6357096455874085
 0.36761100413080322 0.25055286067456645 0.0019151869733660129 0.95906311714738157
 0.034953776825099807 0.33599211126725453 0.071110908059266481 0.83014051407515099
 0.22833720413376668 0.18299272178605278 0.026307802046289876 0.78333490537391848
 0.090622712340854172 0.18214078345170123 0.42746359316955795 0.80759978984474379
 0.69541315399800052 0.32042753780623673 0.054137931163207989 0.70298830632807285
 0.52328994939620499 0.15814826323470638 0.022910669829894297 0.61405027234722775
 0.068358406102018682 0.032682970950659147 0.14039710478837505 0.44945124673039882
 0.31975657009978908 0.29150370200122244 0.18388580680225688 0.66150702003961381
 0.78555039695532314 0.63265648217996873 0.10987917302351752 0.56426358292558798
 0.0047049171577086928 0.10265552987250405 0.15423229382325424 0.58017352025025126
 0.48446675284935542 0.2770550497543246 0.024098998034872501 0.90453420296119491
 0.0040577379626027046 0.18183181102806134 0.53553382449791942 0.80878026174922812
 0.12056153604653967 0.13533253453704119 0.3363666975466939 0.64996564427049397
 0.36358914730676878 0.25676934169525328 0.27573238257402233 0.2131782089060876
 0.048686015717679741 0.072711175111084186 0.66858524328140778 0.37014409092529044
 0.16011198015724018 0.17291159398944628 0.15128576427533827 0.73323880748688364
 0.1400665128645158 0.28012673728058202 0.077129033730818211 0.80701581447332982
 0.0045900776625320203 0.059080050417836094 0.31975425410866098 0.72212977910426301
 0.14804011351773214 0.52139433718450889 0.59589368255047581 0.39353412837501789
 0.33195433321724432 0.29232473626437083 0.32933086193378081 0.81144521871679087
 0.047831204893828368 0.19937932140797407 0.40032240129793567 0.88116613941554567
 0.18192764735200506 0.1438178870817694 0.013708049326434942 0.91531631523414514
 0.73964175356319872 0.20668351115385486 0.0032625617115483981 0.84396556252180432
 0.21069620065767258 0.34850744345172041 0.19017381960400034 0.57778793245723614
 0.53217356193168275 0.48130414297184831 0.06323236340051748 0.71353768180230426
 0.57802397220486135 0.48454769111368085 0.017801059152731117 0.54045693608928491
 0.13749784091605749 0.30216409975078862 0.27775436630696659 0.84436239852869699
 0.17760851613590486 0.19701193147069512 0.0053299092888547603 0.746712567972455
 0.06762727897785388 0.10527617560925953 0.53352557123328992 0.81941583651031369
 0.066291278052253363 0.22547180898281655 0.35471352203693052 0.69875580828144956
 0.8903409277658898 0.15678839222415028 0.0023820619467809596 0.60523917346642719
 0.31147741238427562 0.18448573161892154 0.070832405563872394 0.54194921312781252
 0.13667510406926159 0.2605225978907213 0.19669157129897205 0.77053731494300282
 0.055171208334869853 0.077455940994897235 0.69671768682025847 0.7338394958693828
 0.17844525715874543 0.28113094879269862 0.020908202484879328 0.45195867230902942
 0.0065828410416981223 0.13824432017329649 0.094451251928974356 0.76936489277298525
 0.090195204934255355 0.20150599471474684 0.0096546800455298426 0.89388277250874471
 0.28921575574997405 0.13034192646432277 0.0062537456046328635 0.56307279882603034
 0.02919066844866873 0.33096819292805357 0.83534889071405383 0.48013401816831003
 0.017356112359954871 0.077075434985107771 0.053847390317499182 0.88290557631157141
 0.023958052374254357 0.18607452144040959 0.67730745260319336 0.84256802269643227
 0.0052629705651800508 0.18731650933700589 0.31938633158775454 0.79177648560686631
 0.05087575934579474 0.064617011208268141 0.078657074979004524 0.88575957273981853
 0.049389805258973712 0.1086203152624691 0.072655138768186259 0.79735434863595911
 0.4741391675635494 0.27031442658635585 0.045206167829767226 0.89063795269630686
 0.90179868412744835 0.25994714149881676 0.051053848225931349 0.55757381035892506
 0.0027441741033763425 0.10782221609931887 0.82423508965925807 0.69266961278717054
 0.30139873811823198 0.1185273192459898 0.026871143620110696 0.53133085745537734
 0.14779264277056389 0.13349218077876243 0.016630021130476229 0.8646201302643326
 0.17658994119275873 0.35820828583110281 0.39333431747748976 0.71159787379836015
 0.042667107014643643 0.059409625731681827 0.096985579749336678 0.93872185241275063
 0.16216041425490721 0.1242408012570481 0.39657311248525312 0.82804710951874938
 0.03000437835870131 0.33108815791770019 0.89680166896555558 0.33108162325069734
 0.031446871730318945 0.3138242465078766 0.3057490737840613 0.89947794419895621
 0.034465519226608815 0.10095352418802116 0.54224936644300969 0.66527307976124139
 0.028440543244780025 0.19017549923880375 0.11200512555804926 0.93671721761126214
 0.012638036367100253 0.15934647173488659 0.29856978129838324 0.63981590805313815
 0.14683794460112837 0.24428142211453441 0.48077069128856614 0.84342813856630361
 0.0040585492119476945 0.097590287860767011 0.71617716007271304 0.4400386622360935
 0.46283043790684492 0.11361920903833371 0.017055963568700618 0.84569849823094856
 0.76292842079873824 0.23799784479145156 0.01712481397121314 0.78367451885606798
 0.053102955403142679 0.086632163063836989 0.030742865117360574 0.94843754125570146
 0.43097168900249833 0.33582906112706928 0.12003984792861329 0.49683891988260742
 0.27801953059059931 0.24706853408018747 0.075700262654317854 0.85749505748824784
 0.025947075273127927 0.15045165367171545 0.11791660187047009 0.77775007484566128
 0.41065939178849065 0.25956424305853293 0.057067049939571436 0.63277940078939221
 0.026729057501176649 0.15354983455515414 0.11748902723903458 0.87937807344082708
 0.22439451386499132 0.027479388159673476 0.0064065909241074331 0.66321944884905026
 0.024706646039843242 0.310120021293324 0.56517759896272901 0.60200729959861954
 0.036320375058064867 0.14140751419839298 0.039196128744122739 0.9253074479081409
 0.12412767277653473 0.054460938104755552 0.12052186594646895 0.66627120946605811
 0.34075087473719712 0.23725490986715506 0.17410461103665725 0.8778994417925835
 0.18498103951165515 0.39201874935795505 0.086245919976811927 0.6756675377299155
 0.021443152814911576 0.22301522025693243 0.0181841225628031 0.89008751530194219
 0.02155810747224975 0.13560263141995355 0.27459317847401049 0.94353343336920736
 0.26819006595287959 0.042624604663200415 0.0026057295281659196 0.85621595738042544
 0.8346477165786228 0.15152280691951289 0.020875309334899349 0.72936758946182212
 0.46958454099914071 0.21524715123942972 0.0086541320364050545 0.62805333135482178
 0.28241991381322862 0.34526387370748102 0.28708315467185253 0.82898093769115788
 0.12878708018814564 0.20372873314447429 0.14800104754413276 0.4299002125933109
 0.017746742403672539 0.09419622571743666 0.21193861080858165 0.58184705667148229
 0.50656159863474937 0.4384544416750687 0.098777644835571304 0.16831401751837058
 0.14986160061826734 0.62789380709062459 0.28354105185845685 0.69625537098413359
 0.19332429203610418 0.21333570298364291 0.12176405768061975 0.69934957069121306
 0.24550821284348923 0.3802292635709727 0.05531698168730953 0.89657663393953779
 0.37340463988143918 0.029479854195785204 0.030370669285578196 0.79282174892500601
 0.077696937790568119 0.055482095374726613 0.050428714404447315 0.46899637860524457
 0.051537054230483013 0.17038550153643955 0.29063884341076968 0.86669770739439256
 0.86559812556948346 0.22965152888355755 0.013223290402339579 0.86516438760456593
 0.16604798181358049 0.069420844435381546 0.0085806411547802962 0.71269206382460826
 0.1870112287774818 0.18118732052496644 0.45557492464624977 0.68732866610136312
 0.0068197819312631539 0.050062647157623069 0.23064579655716066 0.84441730990898733
 0.2767761266501122 0.16997323977913381 0.04133667400540051 0.87542450114631487
 0.25845397230040223 0.098860646800928584 0.22368326176788927 0.68193119160040527
 0.16927436698305848 0.24804134205465689 0.1886270990211491 0.57742643754510625
 0.85290761853877939 0.21324542284660514 0.010199704679222753 0.53071889957558727
 0.039422002378668122 0.50809785685344566 0.74664542464338524 0.80530176271817555
 0.15044750027972045 0.055920985212687693 0.050341071088343715 0.9187729274186357
 0.60901540104438967 0.1714220939866537 0.00012103286548181316 0.8291366695285427
 0.37007629627556077 0.27470594640943596 0.12218080398674219 0.74287658810016621
 0.020199216318705214 0.29262997444193944 0.15800684850831861 0.92763821338911412
 0.10990393073421995 0.23281606434530225 0.18394321629771793 0.62925241492384398
 0.25796240480761734 0.45120575994337159 0.04223607877235571 0.54476598644333207
 0.43916796627388588 0.076074568917992663 0.0041271020722207256 0.63056125752809233
 0.23676562483017216 0.17743152345704463 0.15397504466461667 0.90592601984172427
 0.010786541807146348 0.093452807609673394 0.42043143963411972 0.87945882072423731
 0.046755932590056296 0.06002835703538191 0.05834291021982578 0.93925333508259445
 0.056711202333905489 0.34468876250071884 0.26793487907894198 0.76031439077561569
 0.035438845693041642 0.088844056793670398 0.041769749738341161 0.93829020429457166
 0.078406828565911107 0.047955279021951784 0.084053725281156885 0.92394087641321532
 0.0060156580821381367 0.099791778383473376 0.48259288379426968 0.91951853215456336
 0.044189574965564166 0.37122280659892742 0.11185465591331747 0.8530895383913234
 0.088545131301253382 0.053539976372123849 0.027903840567380798 0.84690766998273725
 0.032826802715838425 0.1135198298390013 0.12148678793441155 0.87189150440637353
 0.065826890848581454 0.06227114685559592 0.031299223616955668 0.85434185443999955
 0.75414601889388 0.17210594417775391 0.0054409635327743993 0.85400989675341565
 0.66462509687274685 0.13988320695050241 0.0075206712880885969 0.70197813174840495
 0.37691712827101198 0.72136645825453505 0.12676743851980976 0.93483004678267489
 0.0035311101066230893 0.12698055931129751 0.46487287435267627 0.67813310840754371
 0.30078807328253782 0.24532080061230663 0.15273163593894681 0.83193108534236926
 0.040087162824272569 0.15076995387868281 0.024775725237912456 0.91407599645684035
 0.011149061800779771 0.10385271364585104 0.12512808487277682 0.73784138451728121
 0.39890080125197408 0.41647948164115112 0.050940305822405364 0.59179319691430932
 0.030997133498237864 0.20359806205260403 0.086444304768475477 0.59405883221426103
 0.001745396696105639 0.27041545388703114 0.82956871349042027 0.53094441638376277
 0.26207432542542913 0.16583486943053 0.085593754929020507 0.87592853866705245
 0.53947575674758541 0.137798816301889 0.093787347584019284 0.78024594544986769
 0.59039939817362919 0.44160984875480364 0.42696023820658208 0.32440844196758867
 0.0079723192025891506 0.46408782133926135 0.62092913612134482 0.7106344399332406
 0.007504594886834943 0.15197610933256006 0.51968592453556428 0.81787606809846314
 0.17140088797131253 0.20015558882869308 0.085724397112992734 0.74640134026725435
 0.85038591675929176 0.45496757305605745 0.0042043256174051479 0.85126285941181434
 0.52938970636613036 0.17073550159094628 0.15110516842553393 0.44922016908709578
 0.78335138218827038 0.20465487399543367 0.0093048979610524159 0.43400343927353696
 0.53958003715296188 0.066341350846882197 0.045074982106814813 0.78954967113831642
 0.006756270126533734 0.11963364682928329 0.33405910665033683 0.68209729845356237
 0.21143589171850777 0.28883663114768121 0.75524804306929494 0.75832588852905392
 0.5148066284430578 0.20191450937052141 0.14316125455432524 0.73965771997004282
 0.22001929629964742 0.37653657256498085 0.12673674899658727 0.50513687337052882
 0.017066314476182409 0.32042575387873246 0.42073841896383718 0.50663163106093845
 0.81355816898338684 0.26503379991841614 0.0020649208987543544 0.83496879085246745
 0.42240174654236601 0.43661185337910097 0.11594505342706457 0.76229072138759157
 0.48420038991741182 0.67489806843269995 0.037915772066378091 0.63704201898218904
 0.20269059967450126 0.42529266620789807 0.41734668907963185 0.80044893479712509
 0.071429633875351992 0.18000176721037056 0.69206972846156944 0.49308240658338048
 0.11732803009836121 0.21075666251424241 0.10528381289187816 0.87078924687642434
 0.010998481990331429 0.38581053523105352 0.025198537189268868 0.73898165764723711
 0.52895001604180181 0.16042821312510841 0.042650009272818874 0.92105360228053346
 0.045746437049527758 0.27213191796158115 0.19909817049866424 0.69894936878994063
 0.24707970232515025 0.19396106846779915 0.070434052781038314 0.93151212182770415
 0.035741290501707774 0.068932614305902223 0.067748917209827106 0.96014136471772593
 0.096959399006934718 0.13648060212695004 0.030611159301935708 0.8777134588153126
 0.01313315732838677 0.06801818555582588 0.41670450866075792 0.84081020024460373
 0.11824143843405623 0.50218671321637909 0.013574466787496998 0.96119524959838321
 0.066117287437908789 0.26893155251227147 0.016169058962330847 0.87111743696986221
 0.031267882689198848 0.23844499895394039 0.026391158970502759 0.86309981067971364
 0.0026111409874813637 0.053940058161894011 0.23128334878592555 0.696521030334177
 0.27478329353845787 0.3833588279079716 0.004999097983542089 0.80845218646652328
 0.27684081049790593 0.26678228434807238 0.045297860189878997 0.67818869468345844
 0.056923936219380931 0.14965451823383233 0.056099756028533218 0.68399411105892827
 0.0049140483113602092 0.055051830980696097 0.22789546763810928 0.9599366196286222
 0.0095363179688687377 0.13449123641432673 0.77518461036484188 0.79072803287720084
 0.0092223091536155072 0.24895723453563337 0.24591911184749887 0.8773190480800801
 0.082580388007537808 0.12111953904015799 0.076668263633356562 0.71379811824325989
 0.28296262810766853 0.53860316125182839 0.10676355569899794 0.85723327683362349
 0.2298092609389043 0.20912729687742282 0.2441467873662341 0.64763091334955969
 0.13044420770094189 0.26328178387492918 0.30870667384347872 0.49735186633576961
 0.18447097415711008 0.1228334371271901 0.010351213554030824 0.85761699526997037
 0.014379884655712665 0.16944965533308012 0.097047873013337213 0.94773823111926936
 0.038728141228494439 0.26228654568028664 0.50243675931572396 0.57815263756363588
 0.050718846132215535 0.30245346269997569 0.084240205274216995 0.84887760524082212
 0.24755853576190057 0.26873103469705006 0.11901084105451043 0.17373891155605778
 0.79539731931625879 0.31622143329770375 0.0024200006000448726 0.70927573650259101
 0.41963073885314539 0.12611637756833358 0.0025405099965528548 0.8126320440799546
 0.22705705178202398 0.28581989986537887 0.23526621828815214 0.61977273201038896
 0.00587659367417787 0.15883853871233961 0.5309590766297827 0.78735152674061859
 0.099930053110517253 0.045588676948762522 0.052296971992946639 0.8508174526269533
 0.39674756596768801 0.31662938135698682 0.013286710352794029 0.83089787009426541
 0.15511827200765591 0.1288029749773838 0.12393942695226022 0.90975880146622101
 0.34997761970867264 0.2479826826156761 0.0011544068157859477 0.78407650024053732
 0.55860491415778124 0.29757820663339229 0.0092089553337818594 0.89927526280228776
 0.056184365309672919 0.24212491112115214 0.41973025345049447 0.91026806548714145
 0.12606610582127442 0.23344154746254409 0.18984521647201186 0.71812970589219227
 0.061585551528012809 0.11287562258948171 0.0062657809164843063 0.92728071422071667
 0.047953622678644045 0.080477885222907095 0.0088798801716145348 0.91424626253772223
 0.83708753969236183 0.1985785470238759 0.0046487810567308087 0.58250333216080463
 0.44378688672761762 0.12409078824349186 0.0036835721775760905 0.84785935808978397
 0.022828749506393204 0.10543612488647831 0.14733676510183519 0.77672240206573662
 0.22238955802322305 0.13476516883175432 0.11650504525914476 0.93657701224703938
 0.60571422760059412 0.17547470390744976 0.0087377971011673404 0.90684538942685178
 0.89309787240414584 0.5662505418989211 0.0028147108084212364 0.73119331636162266
 0.046964251398300648 0.19270142054320175 0.55996763527370308 0.78092245509784042
 0.14280640549558196 0.4866814926290664 0.83975827391808888 0.43414546982451341
 0.05058015805585183 0.26544917607773894 0.88011636626895506 0.63103933433968307
 0.29800975335911944 0.1861767298514076 0.010737409072566415 0.26384841096314438
 0.019391942251161854 0.12853412085177596 0.030747710226169459 0.84582333921864172
 0.51188789179029848 0.31372718813544237 0.049351676028984798 0.81426653523937476
 0.27488095740625534 0.24204214556694184 0.37649487345215082 0.14983397296600626
 0.05904286687936465 0.17529752502731616 0.030991623562627878 0.88059925310690368
 0.089262828633022859 0.25400014189003256 0.0038420671325218956 0.93905781432891811
 0.0025341992241027234 0.059243928076236969 0.15216066241780107 0.87075348555832832
 0.080094528279232247 0.17069161994093371 0.088113315059580866 0.64028677016055091
 0.10540728867625929 0.42472168268009924 0.81706410777521787 0.62370836665616969
 0.038477020054525836 0.097115342295305232 0.70984810643202012 0.67516107495460576
 0.012985432945159006 0.070616673779198391 0.079509920048992017 0.70651022918713335
 0.030976538114069058 0.089158060566265879 0.13220427851732089 0.82798000950235062
 0.15549023725589883 0.64060478574424717 0.55447567989012514 0.68124049741794668
 0.0083196170802509878 0.072055150640599988 0.07026115748268634 0.63139833026303627
 0.61946417787909391 0.18302886130957968 0.046247015866377694 0.30216735695424607
 0.03059477225791148 0.051326227942266801 0.042058419034281889 0.43075256769622322
 0.12085092485794063 0.35193624183521099 0.034147497892369746 0.76672453468535084
 0.061921728544294098 0.19105260000738872 0.022871820084875944 0.89103584752688947
 0.083572853108899059 0.54426962262398104 0.36594300047777939 0.87563003937664086
 0.016450336299439077 0.10870411164548199 0.22648520157702548 0.91352620419784902
 0.36594982999482645 0.1833161618451552 0.0069227739434821987 0.88105168368358822
 0.091255881278219458 0.33295720704122628 0.006606203542444968 0.77745029791050224
 0.054597189364495931 0.072338686661764642 0.021433464041417244 0.80474433313151705
 0.46614153278496567 0.2392457867503433 0.32477464208182444 0.51739916324374069
 0.07899261105129031 0.17693659285976845 0.24818902498246009 0.82849119749877287
 0.050561236387764386 0.3551739754870491 0.95066094412531621 0.58659489681657018
 0.12852280942486885 0.29739342296943977 0.67824929354941921 0.55082343879548423
 0.025090838498878564 0.065360077091743143 0.095088169929373537 0.93765062589140991
 0.060736143678802652 0.4083348153315009 0.039538238193210055 0.82238310909292212
 0.43213847187042836 0.33522953581864173 0.2510690485535968 0.87093954975729515
 0.12324173796901575 0.12507654063827661 0.052679321601287778 0.80352944971824303
 0.18107769152582326 0.10935996681726687 0.010050516305023455 0.69201681603222676
 0.044622193502969393 0.10658013132083759 0.069825696355433037 0.67513335807843988
 0.014240061951197773 0.061050125720310891 0.027537143389206369 0.87682362470867325
 0.16999869823861546 0.37998644517195246 0.019260038644054192 0.87726162334922508
 0.0054967208246997461 0.078082967854600116 0.28148715208128033 0.65528540573548455
 0.10651923313441976 0.26980824563083972 0.3716654420756646 0.90519799379289911
 0.48236295083084851 0.26905527177647309 0.17794943110936157 0.5710132349337449
 0.048984616098274709 0.1722638689441075 0.21394524525712746 0.90603519422922896
 0.13140426755111193 0.2518200332358439 0.59805670837025104 0.65903788674545583
 0.58673746959209461 0.19909820908926157 0.36930387458090691 0.37999539071867167
 0.047718763766233484 0.28120229616087572 0.034887005413114132 0.86332050545665961
 0.15619629590795375 0.31975602070696957 0.0044811275956787838 0.85967075405525795
 0.10640644920553381 0.13980028052347565 0.15990297676686885 0.72898434861106298
 0.14453924986222932 0.40376110451500075 0.35753478176923054 0.72097127600076882
 0.12905744033762687 0.10830714665516014 0.044794788503105823 0.65450030475209453
 0.10528669610794934 0.042502198474446209 0.16950533218603239 0.78772958563875084
 0.24374418903625292 0.3393114754638541 0.024562971408783076 0.77667591835995442
 0.27609506186040633 0.18309150798955262 0.084140822862520531 0.89072406289988626
 0.12691911673797532 0.17928890179897788 0.14917454384868947 0.58579256214538789
 0.10607989931749066 0.23218043860798021 0.061718630727680662 0.4771824410670677
 0.053655572155203189 0.19833535765523039 0.11653230361299248 0.79483062742211552
 0.0074564225619130724 0.053491357324266776 0.23093992855446804 0.61111126595117626
 0.039461902665359538 0.051030012016667341 0.051011378971240903 0.39937364399497882
 0.010255286764747866 0.18173580868184702 0.83793007791118446 0.63359384326590429
 0.1216772558243432 0.64848055491735213 0.62946592546736768 0.62467261309335376
 0.087890336633529048 0.039115903630225921 0.17604679863242534 0.76768552818147262
 0.57966788593109353 0.36761164223592435 0.010672341224768072 0.95694494889252224
 0.2449058460702887 0.23941634835170167 0.26526096386513637 0.78514076020129142
 0.2418831639161593 0.18038611734616461 0.02192614307909772 0.60265318262160472
 0.5328706375468758 0.13672710505305311 0.026943568607371939 0.85485469738610853
 0.0054298462917538775 0.13516778061542628 0.50136723283222018 0.72388448794787319
 0.027082295184906315 0.1321864295681065 0.69346810363465505 0.84457356490028546
 0.015816273699095933 0.1924606711335112 0.42476688356881298 0.90535208353802654
 0.36784783037604007 0.17904990053553335 0.097598071473356154 0.63278301723528696
 0.19704381999802859 0.51801968736906034 0.85843468502933806 0.72087107692592811
 0.55901034644006797 0.37807659856481529 0.014020599201291768 0.93690839441339568
 0.086505178728970913 0.28004507468847317 0.093610125717457887 0.88951802123099799
 0.052686200193306026 0.10684344443386565 0.011797100038621359 0.93330404306115577
 0.40226837634537532 0.15305835867871298 0.069140537562815796 0.92345873999176464
 0.077843217323032982 0.072736692705671485 0.012962492828156509 0.92874128684015211
 0.0079770037775831922 0.27524475499521167 0.86318871850216516 0.59445376367567704
 0.28288167858921676 0.10645099342606128 0.093171307241751572 0.79882419551460948
 0.12568453405324007 0.23983710725776539 0.58487390496987501 0.343482708998883
 0.099352012433402817 0.055190259714010613 0.11139718113152892 0.75356279950010951
 0.182611553437345 0.44789569454817568 0.20513724582354079 0.70663385745559759
 0.047924945232857522 0.1611613267354404 0.47684207476223589 0.70776768776404819
 0.23516848142267124 0.2068373148318518 0.15180402292690751 0.44106369207524149
 0.27164182884744692 0.32913988674211142 0.13464157752799033 0.84269913968025301
 0.41237561890467345 0.58063836769580657 0.020872175302257653 0.84332710260687249
 0.39377916851436001 0.083375559428571444 0.081796908717351929 0.64214707891514877
 0.022094122660998895 0.19971822220612956 0.02371779916293414 0.86952805652205001
 0.0072684107331765779 0.06270092998317886 0.1540492497065038 0.83145026057729443
 0.015889324376501202 0.045980411463628974 0.17246543346261003 0.66262332385820977
 0.22027712229995683 0.29974493822349907 0.024126299653584374 0.89861610790131863
 0.039935450760441499 0.063866694494088647 0.007767927536932253 0.62844378779040433
 0.056717995883625381 0.21447412707942118 0.085076790708576946 0.79394444632103389
 0.10974737014245113 0.16997744052137265 0.40327261348038923 0.93199577633091879
 0.015797985876851647 0.17534201739656635 0.1524358986437119 0.76186559600596471
 0.028575993052151281 0.048858309208498582 0.088923861039911442 0.90299651081345289
 0.0042133763897836581 0.08451192761729806 0.4386966387859374 0.66872270550122714
 0.41716362096510967 0.29962439888904319 0.023072952474244832 0.86467990743775947
 0.035602106370710311 0.29280352122678532 0.22192332973275225 0.89881159857772375
 0.48571317444334544 0.32179244720052946 0.14765288257236792 0.8893452464536975
 0.45839141882776852 0.2651698849993 0.52068234575521777 0.78302205908189804
 0.011918816419493987 0.37032493665153882 0.056376808518922183 0.66115303617184518
 0.18968190184493655 0.17364741193850824 0.0047720055311017582 0.84644520838022463
 0.043162992052204099 0.38370369680053562 0.46619811198265126 0.85496292707179411
 0.037688757809358778 0.14495750971900517 0.66129226539770924 0.86118783544040856
 0.20347909719119872 0.10740980733257681 0.07591559960467037 0.69275387626395457
 0.18586470615387643 0.33542791223881607 0.27114083464544353 0.77296958451770581
 0.085829942280134297 0.10452187608675399 0.067129299781725646 0.84407074472627575
 0.0915850572928264 0.30208704706256845 0.574787100244188 0.70159335737343798
 0.1558835658279645 0.079277682241182243 0.25021293333878142 0.88701196178525021
 0.031987383594659628 0.30298096575389072 0.6002341893798927 0.49686203838727666
 0.093197019939276496 0.17937820133295118 0.32606265796101641 0.79902912758270972
 0.039002371760582265 0.23667160163880871 0.26113957352574196 0.70755738072695795
 0.65290669165913862 0.25595510320957904 0.053039177328474012 0.55674958267623331
 0.15643341023785964 0.33181123424858694 0.31446301110827551 0.77246852388041265
 0.088975646923486418 0.27131479313102047 0.0442563069983729 0.89294587706643325
 0.079251039125322262 0.3118537570793572 0.23372036314891348 0.74417690102407463
 0.21565047477975186 0.52644919606046336 0.25389586660435559 0.71579812283184252
 0.33515359138492218 0.24631465049557436 0.012196595159848778 0.97564718423104468
 0.070932645626221938 0.11341640867834368 0.21741929380017855 0.783540990233768
 0.029228338984965248 0.042438709903265287 0.11420055310923463 0.87695616322036551
 0.0036629088100444233 0.14712282750781411 0.24256945618602721 0.68701327639402698
 0.21046157693111786 0.036492144414139165 0.0032952929128199594 0.58675375179173772
 0.43892296190965374 0.28849065077519859 0.0033589339526847338 0.85398840290174505
 0.53714614494595059 0.34995690209791946 0.035023153018873807 0.68203368565226585
 0.1137465060351861 0.16484362638831068 0.04259792914154438 0.706674910569416
 0.018545191214545138 0.085240452938488115 0.3400409075565568 0.77044145728377578
 0.073802780401351756 0.15287896418879515 0.38267235761192919 0.48415487367675342
 0.0080918098633872438 0.28132508230520664 0.074439356719904648 0.78753587136358527
 0.045704264831693278 0.04626808597041035 0.010009795946491873 0.55984151447753028
 0.093889109733391637 0.1999254877998462 0.0077790048999960681 0.83023747633252376
 0.0023768065489198362 0.082016750296400306 0.77992240563932125 0.77189026643991976
 0.22820152480640665 0.46232288532505511 0.26909689563304467 0.68895760966034536
 0.066096292823758632 0.076179874523546187 0.095407007069342506 0.8108319449351582
 0.34565066784158505 0.072905417496997124 0.0037187103084019464 0.8506719090910575
 0.29887719486406672 0.54893361069017244 0.23361549114475938 0.94957089269447947
 0.032450153931947626 0.40503971702849362 0.43035409010497622 0.89317284335019254
 0.0110032998714316 0.20996444847433798 0.58701884931824289 0.58265039492662962
 0.075567756580028692 0.13968085932565183 0.081588595249049975 0.88087240454780213
 0.062060815767164074 0.098908776306112431 0.025977622666825705 0.87227208446708482
 0.16924208460864251 0.056215107983956639 0.078721459508457478 0.88166338260595056
 0.37549041123700444 0.27054038859438007 0.019706433676334359 0.33660404714214526
 0.031031610237596235 0.049167261659622936 0.0029358157245383946 0.95559476261055132
 0.65773547602743021 0.36753292472498816 0.0013550265959349245 0.62662591717648397
 0.040602336538471409 0.10267744608436526 0.65604110252530401 0.69855673248020944
 0.68749091572262977 0.67766526495851054 0.43862984805702537 0.66117989603548166
 0.20182458170376036 0.17822057031662236 0.45810362517494224 0.77359658588117031
 0.13269686516357465 0.15120804389495707 0.1733545854145529 0.84272523037650016
 0.088563447588960814 0.09423560470735122 0.38069875359748745 0.78146872081465857
 0.062808953003754775 0.22446078355174887 0.39091539922421981 0.76170054588283775
 0.16523450959411209 0.44529713214662225 0.45641082956950235 0.57092529620059251
 0.031138420027934998 0.23273553576357939 0.12239543358662516 0.88884825473400209
 0.058892137594720388 0.23282640338445534 0.16589747389810477 0.21115659171753051
 0.02754541452036835 0.13607870921369883 0.17255583674071001 0.77402075644369928
 0.36254305434118789 0.40386314643251719 0.42577410861543802 0.64160957045552414
 0.02000399252584284 0.16262656862672656 0.033261343053517731 0.87570011938043846
 0.2233750913997174 0.14100309471677044 0.093189956859275572 0.59470300949785748
 0.56217169707757386 0.37313578440505124 0.17920606264118583 0.47704274708683098
 0.44391183257434669 0.33785097967686811 0.300184748835226 0.21506168207801815
 0.080778172769728207 0.062951684084531417 0.015558324240243067 0.55241844401242768
 0.079706057624220644 0.17397210838002139 0.49954630611815459 0.72831765308461993
 0.050319579346469114 0.18552670463300922 0.36423613221160778 0.87464265579732325
 0.091411534016632004 0.077979850886371299 0.0047076152629306487 0.80406244291189666
 0.13329994000545387 0.38526228012426278 0.1944068700673354 0.82732201607272449
 0.010950966319245185 0.20621312318825949 0.09535477981645081 0.38800638063839438
 0.12493613985807983 0.12788760736251301 0.020019448537800914 0.92563676880243129
 0.10653779510976105 0.14987594414230254 0.11751080416670609 0.92726597088156204
 0.002080482049793865 0.21276704995971046 0.77120063358829927 0.54032456993232858
 0.040308116857515584 0.11865551091821171 0.23563462389613513 0.95081209861596816
 0.22511891998989511 0.188301176152632 0.14250532455870671 0.81751869376690556
 0.058892284396134746 0.12442837963936322 0.054539579508714867 0.41395303373393244
 0.42877366220866392 0.10219674065877561 0.025397199526241573 0.67281951661395389
 0.68258786683052153 0.21731983660312607 0.087930354844004494 0.85913070515813983
 0.14126612443903144 0.38849698346586281 0.074419256142406492 0.95182428716900991
 0.38470788133803757 0.13039130485121195 0.040981681818268306 0.72571094201013431
 0.080791810480896398 0.12535598429189054 0.093820343700632164 0.90533469541318812
 0.034604582878204483 0.11838316010992765 0.62291347731603175 0.84883217702694336
 0.02461243156239944 0.15878647733970641 0.26436078164438237 0.75315682373444492
 0.83405466174749565 0.16404178004992803 0.0057143087804783629 0.69409848374512306
 0.38958209097981378 0.47559049540827575 0.46458821073007117 0.92413064272922674
 0.010731841820442586 0.13316910329811651 0.83394760432788173 0.59837993411120516
 0.43953814155549548 0.21009939301529193 0.010742777469849182 0.37231206618178708
 0.034307759081468062 0.26358532340527052 0.54297940255524335 0.61788727305658542
 0.13602991049273178 0.066809046163324337 0.0039553060502352487 0.91900827468986945
 0.50243080994341083 0.24642425600057868 0.0058930936121326287 0.4218273837873357
 0.33165083224590303 0.070014237852401212 0.053216863403772102 0.80169335157686306
 0.81857101952599165 0.14310713655031668 0.0073932004283737566 0.89094637886920836
 0.13084302395170894 0.15563977726315073 0.01004717008917911 0.54291307879519024
 0.25120177543934991 0.084626110357038764 0.11683302594913177 0.61392362132866818
 0.11320786063765355 0.09444811014316648 0.093714343424715366 0.86255387921883331
 0.34138358638460992 0.43133754729251272 0.068072081918501073 0.33537853448945187
 0.41821178580020724 0.13672076805335728 0.045173150841787447 0.88140963142587891
 0.067158476593175864 0.10291212544127927 0.51689097021508135 0.53138160081501107
 0.098887706927400093 0.26130244832630639 0.74810927506763936 0.84597935363865961
 0.31989093878108898 0.21330463328714908 0.34085731141545395 0.62352049213190108
 0.30246147191007644 0.25689419244425415 0.0067338733309509563 0.88374327518875606
 0.46614154074331354 0.13334700968799118 0.0077052144273024948 0.88475777380718346
 0.15398208710689965 0.31785458600555405 0.044007420027030494 0.94013002802277579
 0.052316540186740056 0.1814012241093278 0.063146508474306196 0.84687718069535567
 0.36889049741793761 0.23561214560129207 0.075691085394044899 0.80988448666242874
 0.10538501082004269 0.12814614842927574 0.10137166935203779 0.98253713791119901
 0.03796722949287952 0.044630269564276411 0.0053455611978638785 0.74726378279833072
 0.14049981746497253 0.11973071788547383 0.015087570595051152 0.954054738611122
 0.18112655285335397 0.2012420995600307 0.223491249291868 0.55301030525170236
 0.043274145767129707 0.20967253178391881 0.53643005995055304 0.82524919122995877
 0.057643054994276854 0.22778182768601529 0.53635521742033432 0.59406314890175416
 0.36381081206767274 0.3304882578447908 0.0051707366568930933 0.7621304848580186
 0.82657926541447246 0.23565651481686961 0.015449168315681768 0.46894044449963701
 0.017724234029203222 0.084256647086282693 0.022870267750570945 0.90790471835129127
 0.61564813789409634 0.22694212127309227 0.0064166399661249283 0.7719536349292454
 0.1868384907960165 0.25639211213810076 0.0086343754760922018 0.85791753421931971
 0.18172929387488324 0.03781897558966367 0.0065206654813908934 0.76047303177532066
 0.042014191416488607 0.12257194968784839 0.050900339373452813 0.9112802661569418
 0.64340999068403515 0.41184659325810574 0.027563949058573088 0.71417938748965404
 0.002053996951760559 0.13956935636455217 0.22156048459420322 0.87570860714378362
 0.0040713705296953756 0.13474092314756311 0.64664649354446602 0.74682866460968522
 0.12835541681251697 0.17668400103956683 0.02481336787558663 0.87516284091260688
 0.12335375449329024 0.15384738730735467 0.033439892004668417 0.77188301247215452
 0.16364064412877616 0.18930443554548884 0.049751585024521636 0.79968756037375299
 0.054322966345601562 0.16759756074882623 0.29293263047956952 0.87381042473912107
 0.14436836964360875 0.06756090668819939 0.065517079862590533 0.61449898568038652
 0.068905157386601024 0.22054667074657106 0.12062677092410803 0.94740359628899606
 0.28127496171637278 0.24158644437685495 0.13072885049253222 0.85791815279008998
 0.0050343564510532306 0.077742376046713635 0.69757930421537861 0.7504395199644982
 0.68869337550902721 0.29186810013930981 0.099558146240389764 0.89447087879676501
 0.002756625643280951 0.065932137294456988 0.49279900214713152 0.77708023007162197
 0.23413276352885851 0.098557740617090231 0.022773635645895345 0.51512095999829699
 0.051003395749325858 0.067568802686086477 0.18224024530282557 0.85206890559022164
 0.028230140618011736 0.11886789458709747 0.018834135779290821 0.89400685522735479
 0.014533157204913166 0.11553531008853372 0.21209155616610581 0.85965968748602262
 0.0039035857934388539 0.061826096861963199 0.16077592653144474 0.86770321773292158
 0.039791581623308286 0.35474567231105969 0.31491759199382791 0.63884744798323845
 0.015429528899813491 0.30994301563249893 0.23933336891586879 0.35050037072855716
 0.048518010805292867 0.16924561035240404 0.10013411222765756 0.62688628825622472
 0.010708948636344515 0.33645125523907737 0.43533440392493422 0.68541242294043325
 0.0044627909092583842 0.1053819354099184 0.74933953376860862 0.61355396357747249
 0.084033045146238758 0.27212908003601832 0.86699558949058086 0.60312308486882005
 0.046299668827206299 0.20632530502022481 0.3236684679962557 0.89515915094561727
 0.065955269942814934 0.26964516333554889 0.63697726857233472 0.75336178515628072
 0.16994885069780391 0.28448626114710129 0.021724317130643035 0.51015360462027393
 0.31542276237282896 0.19865265840944019 0.0098756637536442406 0.93604621559059908
 0.11399460149008818 0.20022522565179962 0.39567569312495887 0.81894697799919303
 0.17165890163554665 0.31718044903217296 0.025651378241147438 0.8300769520481438
 0.036577855398928959 0.1540383624771399 0.1337178845856018 0.75670873314239606
 0.088957803996188106 0.18304750640081449 0.029378123651769866 0.76175221610235155
 0.67367700464577995 0.18363086710463589 0.0012358410590828529 0.73797486358634423
 0.024726542047633436 0.070798118211502351 0.1373211628082025 0.8931111935533721
 0.0036280047312017907 0.09032585451634341 0.19403356332235291 0.46579294463058413
 0.19949260734122062 0.081860787062821724 0.040646553108364479 0.69506095535122348
 0.048324622652750046 0.089378492925017219 0.10535068666706328 0.89317401299070132
 0.071130250457119543 0.10811695204613662 0.32616165259367369 0.80429883914597355
 0.42214256734061112 0.12884555964443209 0.086341167383828021 0.89882397581754214
 0.31261925998316853 0.25214541460473816 0.54297803552253321 0.65989412254577517
 0.00242431768607921 0.097962640933798875 0.86258511600360332 0.65105540682021734
 0.0088880359208935132 0.17318353417122112 0.17698068962882402 0.84530708982658098
 0.78725717977927612 0.26745902531637816 0.0072959922930028315 0.47166185880565487
 0.41028476043140499 0.12028694271250621 0.0069604856892376788 0.84867233617786453
 0.1275293073098086 0.15619113498606202 0.18707076320620278 0.6814016762021784
 0.018386091443020992 0.1190350149272867 0.68568129222672003 0.8445126090957793
 0.074440496128782147 0.24023000075670695 0.10717540418130868 0.75423919326380517
 0.0039321846615948917 0.25344913333113156 0.26515897520636944 0.79360963541034135
 0.13917829016901662 0.25837482900134801 0.11008199748535168 0.75613362870229783
 0.56124011580428002 0.38790358576282757 0.32460301777601397 0.59276798879743631
 0.01127566411832733 0.047563224677274939 0.22664838084278943 0.9281286585987879
 0.15851245674151682 0.11211704691210661 0.045878757991567064 0.71264756404928753
 0.01623026431228651 0.19160857749954924 0.024873468349505493 0.93259664323262093
 0.011688323687571538 0.080658538321752446 0.34359664130687001 0.56442418552378049
 0.025296871653379693 0.27872868272453927 0.29238619665659249 0.90400206334027189
 0.34795048733675793 0.18122869251951546 0.15177732746320469 0.90677582039923887
 0.017750362457879535 0.050531271995745364 0.071683687428980236 0.87325557212948168
 0.13175994834779564 0.1349761239654034 0.29147046946325006 0.87797905176585578
 0.027326454181207469 0.061773845777702029 0.12178663751209685 0.67301843498193514
 0.0077314123722420315 0.048419466194134272 0.16855435604503058 0.95279159172064987
 0.10861062574144403 0.099497583691766547 0.072082374165626337 0.56539275387052168
 0.087235802422553688 0.2240479272715834 0.17300182288157906 0.60766844776335371
 0.14912565752069987 0.099353058116707887 0.22943780970659772 0.84015004043080199
 0.107333358051161 0.4668846892398939 0.04789144709113502 0.75089464698301189
 0.012072212006166672 0.043366965579302919 0.036182681333253794 0.85792179239369681
 0.019030011927152771 0.17063057847558305 0.27289465881977876 0.85824262339191992
 0.33811752836970654 0.087334012789469964 0.17127788913479983 0.57247191031459832
 0.008203156927698638 0.088657887967632076 0.046415531064097258 0.91765046006064066
 0.34532047299447549 0.14520903767970925 0.046915835605192566 0.69166390415782109
 0.330777833882691 0.1204493993816502 0.010669252508804 0.74491921314567244
 0.032968178569419929 0.19068252324702181 0.55858500332646965 0.49432423494399091
 0.14728615200531439 0.43044469993567019 0.0073897692852208418 0.90477424311201027
 0.020781365216139765 0.17522130160125815 0.63115347954997059 0.81774960603517222
 0.070456168720962803 0.18317054493791884 0.38732594807250087 0.74711502716983136
 0.11186050287625288 0.076475310439881983 0.15960778496500391 0.39910123667058978
 0.035070683845940975 0.076303749750090341 0.019964794858057956 0.72758116279381413
 0.14292302312773877 0.095744977588910957 0.094294544959874743 0.94412097839164699
 0.05356016010979147 0.12455262272894006 0.0052535042716741831 0.89907312385642146
 0.021092660008558372 0.12090774435758636 0.64902419671387557 0.61601766756860121
 0.12656020874074897 0.13536706452303307 0.014003432905936052 0.93520386401827449
 0.49441235857021698 0.1982337611838044 0.021035811445751625 0.92309350084492781
 0.25945709421350283 0.2377481248962002 0.21549936968564126 0.74216746796513278
 0.13505852369009291 0.15681735374492192 0.092381112111142846 0.59492365147121873
 0.2391905461966865 0.20187900046467425 0.20061153210111599 0.86486234243445304
 0.033048825633625351 0.11273944941979915 0.57268596829665142 0.73430304323256923
 0.095790465835878913 0.15125379763940297 0.0098567131353809161 0.94158079507581971
 0.052077238312649585 0.15607683938530065 0.029450286543681974 0.8448644475066085
 0.13885220689999853 0.13141808315943299 0.031821265318071362 0.89673390829422017
 0.023202057954624117 0.092993717495845604 0.68305888523157832 0.65986174852367696
 0.060146691486995148 0.08463088916263363 0.0053070656882608638 0.90390764853971928
 0.098398131117626769 0.31290489397844307 0.49826115965738038 0.80395492430607884
 0.12603997836057865 0.080201010614574395 0.12882847068653558 0.74552683536166187
 0.71904965395437248 0.29209593921238791 0.04921963834550528 0.66980738937869999
 0.0081677926375313247 0.39712500262319478 0.27851309852088674 0.5301008882211008
 0.052145926819145552 0.047290545427508442 0.039297980149571483 0.93882381457748587
 0.10062360640568117 0.30998100620649016 0.10588671207083132 0.54860498043247086
 0.031879488371427248 0.11609863612370214 0.34220327450196752 0.78086965648755136
 0.30703129152634928 0.33127180544551887 0.15569272763388589 0.54835133469881192
 0.043545059689850077 0.23084174615945396 0.1091294632723858 0.67540729739352734
 0.3384709959463747 0.24962884306297514 0.023633262152793467 0.90879211292280693
 0.029217343012375736 0.13218166340447937 0.11518753417346789 0.93022238885033293
 0.0020458346253315789 0.1091366532472109 0.10335737375238202 0.9062470373925634
 0.017477461044742418 0.036938276914609769 0.031526472953164686 0.83446841291253115
 0.0055604012388084717 0.11779291983793659 0.065451781300732037 0.60677656722976425
 0.031671677646419608 0.11267608751937047 0.19994172816973774 0.71227690160828649
 0.053368178278177372 0.20543716647156796 0.64923286182899931 0.57446055424435005
 0.039169798823788841 0.18765535996571009 0.38191366025245271 0.74188613280218196
 0.52847890235708639 0.25947305924354658 0.094866057186136055 0.70940601417888494
 0.021946586401207866 0.090284125497276879 0.38008893579647074 0.43720688459600088
 0.020401863005377847 0.26385092485394762 0.54042822434504367 0.73688796084050889
 0.041038682987324424 0.2423048550752849 0.77622008758983807 0.71780999343429885
 0.040808327380098978 0.30870164874857881 0.73710948758277239 0.72969100571370116
 0.023971753838288517 0.043615791465610051 0.091906552829812083 0.9222989333134769
 0.011541672042439048 0.039998824808514979 0.1085357369145836 0.66846423172816261
 0.19071883659673225 0.096446557326170676 0.31896307628402421 0.42480761077991713
 0.077940301996454658 0.089318022298868038 0.15456860678314044 0.80408701238125613
 0.060300598089039391 0.52639524389816394 0.80076667593290662 0.52849201418533365
 0.020962153150806063 0.095675618823844205 0.81687613050905206 0.57998051954908458
 0.036841880088359223 0.17726486914567116 0.32563354843336079 0.7766801616036425
 0.01652322259064835 0.049032828200629076 0.021437379787957494 0.93428613270040017
 0.75871601135933375 0.15449408987280161 0.0005538972120361557 0.81326690296478699
 0.038621310141983681 0.060387745580950385 0.029416854458860903 0.80782022789209784
 0.79659017699929657 0.23637184995582999 0.06472085748718423 0.80255845473212228
 0.331595441283696 0.21652230737887418 0.0052728796461297663 0.78562072459021748
 0.19253798286910764 0.19590751077390647 0.065948376636585454 0.8617401305491087
 0.14742329582781982 0.10204361925871709 0.022677145721690318 0.85008727699680553
 0.063054654501302071 0.12818084496148907 0.083278528065518012 0.88609356799725936
 0.036754810293529706 0.28543628251486847 0.15792098691379253 0.6336655905879095
 0.1368036611443981 0.46251556869080557 0.69226002128916275 0.38421545105532906
 0.086446461924502102 0.1922217892796752 0.011237089707713916 0.9034767774824215
 0.00075979749232688964 0.068285470428178577 0.29112119396765551 0.62094517052883824
 0.22453584210724037 0.053474521808274909 0.017124855510454475 0.52024163532165379
 0.018278908719467087 0.06221209559198098 0.030958049203602272 0.80377218208319701
 0.044544079220421112 0.081109317480049042 0.69056711680922356 0.78475414160180978
 0.056606281930799751 0.32992760104058871 0.30229149588637039 0.37880679039406667
 0.076361964813019198 0.24281147130401451 0.88906871175624969 0.42411208400233225
 0.071478864085031499 0.1440406757235636 0.20390453177647472 0.91629858373333162
 0.023484644073273164 0.088674757673273763 0.17444311898266596 0.91451600087298357
 0.024871745632232229 0.14891698375684878 0.059968793802775852 0.91958563514593861
 0.5690767826613784 0.38820502957271258 0.021139194541655564 0.69072170434128788
 0.023888806253407283 0.070285290776568254 0.62060156778957343 0.77104456746298955
 0.16324400017281726 0.39148188564400849 0.16691121952223723 0.61714047490744683
 0.053172494829558992 0.436264797990152 0.15548830995198978 0.86114624972881615
 0.18396615412501807 0.068556732559331507 0.0088164770786112248 0.71306456973572274
 0.27904340554983958 0.25483047705962109 0.0072846801023384034 0.41403322710469814
 0.43995021545770241 0.34567195468789025 0.072815470450313571 0.73990290692134109
 0.034184046815111641 0.04545279167375544 0.036153956177673627 0.86463718973514614
 0.041365077609359514 0.32407312850277531 0.42103953076642953 0.66040698268566944
 0.038135425226107113 0.03451240235274769 0.21977871210588362 0.50654709385665464
 0.48379874036493592 0.12958680496639502 0.0038294384905554718 0.69896663909127166
 0.18452233108009922 0.2166316516826558 0.3305365553795177 0.81737654392427039
 0.087896592323632575 0.5212227272574832 0.63534182468734102 0.45064527859090048
 0.58637003007270161 0.31001320100691243 0.042205939790254228 0.80655933063017193
 0.030952411410662479 0.21149629289381003 0.14857609844053754 0.78657812553872919
 0.58746072972422492 0.2064908953675175 0.0053577816232847136 0.88000107080924517
 0.081853241989021733 0.26050259218955113 0.44628713085558347 0.83993868435366892
 0.38513573527677858 0.23956065047841099 0.070024905126239601 0.58621101226803274
 0.039287064019433666 0.18195431537750376 0.49516568555440382 0.8032444195989783
 0.043343858585298996 0.19651281643006899 0.21763236731869279 0.90657674995838222
 0.15988881999269086 0.29028718905358047 0.011779965989290968 0.95880998905284154
 0.13684651187803115 0.24646836660921387 0.21342383048384936 0.47436248146205512
 0.077571488850720197 0.19694979632567514 0.52440362114074845 0.89340022041175249
 0.60965567559395417 0.43009964789933669 0.03069170224570953 0.96402846699811806
 0.10866852613117341 0.05271628532749912 0.14578423068546714 0.52516237791940135
 0.008767989758401833 0.043408393916899719 0.28901344076904995 0.83675757462022238
 0.020996210631707746 0.037846265466731359 0.033843617200057158 0.87688142037949046
 0.071878456234846719 0.39136327568006124 0.53683449102628433 0.57159836497304262
 0.21947113858412878 0.2870622705090648 0.48211276069843206 0.59092858438780493
 0.071407585665835549 0.12518580224893969 0.051770664955390053 0.94713425645600857
 0.23207313307464739 0.29134948537895838 0.48767199622265489 0.3884890618005592
 0.4631890005996297 0.069026318587700919 0.016198343566810561 0.59799838649135162
 0.30923006937561487 0.16270768069303881 0.095329320857128613 0.86547858591994753
 0.10157791921498119 0.38882896320113025 0.24182726949412542 0.54790862938757146
 0.17944641182695972 0.1787198785464908 0.0094710410397185821 0.7508920844667718
 0.010302864643121147 0.094153005867048806 0.13915680428316726 0.7758804849044989
 0.026160526632285932 0.038907298042961273 0.077223281183931305 0.9175640627001872
 0.017374623401762837 0.059113052589946806 0.23925622711006878 0.81250157338188889
 0.031328537486773542 0.3411483329289216 0.91943267503004522 0.66730749645273113
 0.0077891455940591603 0.10169705469497085 0.62216557279480478 0.67928071785778599
 0.59900117053255264 0.20465521676634155 0.10286857387050004 0.8364542745424155
 0.10356728959126243 0.35478478704383432 0.28441334017594028 0.88985899108606858
 0.44831940733968273 0.42212764856442758 0.032506402653226761 0.59494675165879163
 0.040836937715282587 0.38223535802301184 0.41889960591191805 0.55751788917858536
 0.15433331152143898 0.23083627469801796 0.70662514862263703 0.21305828941073185
 0.10927408771243866 0.27986770700657582 0.76798615616292054 0.83268542348663455
 0.25604018941351431 0.054778492425803876 0.40155804845002474 0.45608787628786279
 0.052839256037346932 0.30972457210611504 0.045708336304521473 0.40621290711563357
 0.012576270408724432 0.12422235558924689 0.43704534236400511 0.73332935146762979
 0.0065260993434711921 0.068067556804983734 0.32479199126498659 0.89830408419661412
 0.19328806232153253 0.210007940253015 0.090766332217943793 0.91306262712017994
 0.096671395993292109 0.15655333258690116 0.23585723836165223 0.85238477924233635
 0.26597852804794148 0.10033362327914445 0.0015206059419589737 0.8596883878969318
 0.04690621346687069 0.061030484970991561 0.080565441337122887 0.55356462954261687
 0.53208767885578778 0.16879244485159794 0.0076191944758587718 0.41239123457729487
 0.019482305042752376 0.29196151375610263 0.39502472026842206 0.60221122324391552
 0.45636262345972217 0.27099418582319101 0.14304434266238319 0.89455008227162502
 0.30249034517501139 0.09634348188687325 0.0067300301568376597 0.8463097646066351
 0.085886604438542083 0.15170197758487619 0.19991839983487625 0.96841562965597516
 0.10187690221961283 0.048329616873722024 0.11251457598592964 0.7453196393316518
 0.12303942608933711 0.20852845056553865 0.0096724606145848768 0.76483917875430052
 0.17599606167445389 0.075794700090709585 0.024945585376572446 0.65242084453597693
 0.0031146392103040049 0.25332584208390391 0.60447097235891645 0.55379018702367278
 0.1242727185971796 0.18324010536048596 0.17349196328917937 0.7158971377596538
 0.003486461437189324 0.099621171267697248 0.82611096504539616 0.68238341835751937
 0.20877745065882197 0.088346472060961315 0.016076960314481387 0.77375268024626453
 0.2940356599400164 0.22757154001242597 0.031515899237546316 0.9200519308344085
 0.1361681782735939 0.037371998562388903 0.01727158971014257 0.72704278646533427
 0.39115027514498668 0.29495513929370337 0.0092569628856979842 0.83193445409339839
 0.094096145557523519 0.1731571160544392 0.0046983753226700984 0.52422882941888416
 0.66175845272259504 0.21791732949447282 0.017444699511766509 0.94972307183247473
 0.2035476721083693 0.66157621380214837 0.26591330218570453 0.95075448897301806
 0.37163850241634516 0.29001355031046144 0.12660500338978239 0.76371682510705508
 0.059771106426532633 0.19391008024758 0.035237120188211984 0.69421483149266683
 0.22449841630490258 0.085806877575493573 0.048971215755044629 0.77778451561196915
 0.0046627185660624145 0.14554032859619651 0.56238057324886581 0.62468737339133451
 0.13386372598447857 0.29504532364615482 0.093249177913123746 0.59589233635997707
 0.011331939591258286 0.13474863142959176 0.49683932325108993 0.69829146523311147
 0.16293029927088887 0.25687890510661004 0.4626623939187407 0.68853164329379035
 0.00065931643093168049 0.037843520017888932 0.23716300099419682 0.7627915621784811
 0.11126840337573107 0.22355323138539818 0.021327109230254025 0.84349398930768127
 0.61209028256435005 0.16950145049541476 0.025149717263772402 0.9556021719709219
 0.0055811808316205613 0.058020123471953351 0.11205567782650429 0.90133279513237785
 0.014622725167846058 0.44943758981099002 0.073652562296078333 0.76537801453707099
 0.036543383023383218 0.25371749164700974 0.12705313435371646 0.88420283448014014
 0.032934741728118437 0.14281957158534395 0.025051584432361402 0.91870699111457177
 0.065455664999860858 0.40646473902692037 0.023967255654793511 0.30371471547264733
 0.24498451839509253 0.23650116184517647 0.45816124581559425 0.67335093672421931
 0.28067089100948417 0.24093993492228666 0.10706524623936618 0.80688763553023013
 0.35488036673896628 0.18104981593127645 0.077323322997296814 0.7187105431101376
 0.066333866277598089 0.29536905020346821 0.79599848999746758 0.70448170139866229
 0.42747023885694668 0.1384593022513145 0.15376338530964009 0.73222845490448141
 0.50982215498003913 0.16320951694303798 0.10242401055469764 0.76278049560303152
 0.14115700421171615 0.053298510311196472 0.038929909038216595 0.88099243365325997
 0.17356294534080696 0.22349174189007917 0.29560688358938964 0.66171319186326549
 0.218156780750279 0.10727995080759652 0.035660150638262077 0.80305138516956176
 0.50178082404587698 0.21590418930110455 0.012816220381590571 0.59972942978649324
 0.66943911399513401 0.10536791335492425 0.046989514671488285 0.51904004701633133
 0.079397358716019661 0.21417397641830807 0.50878621929832013 0.70678343561339341
 0.01498494452505696 0.20549724509134509 0.52488199432743832 0.51662053729593227
 0.20883602598087894 0.10718747163155133 0.12778281228463695 0.94902785854058047
 0.28064142927601288 0.065940697877364826 0.055642092021068089 0.74155400493964496
 0.058326323420830842 0.1298195471870465 0.0031167106487344056 0.91063783585825231
 0.13295834592208192 0.33823849879976647 0.098923308897306356 0.82986192136926251
 0.5130185978981544 0.26170693527073841 0.12331002686039705 0.91356926533230054
 0.27019144974878095 0.22731458193792858 0.096129678697908921 0.9398629275919923
 0.047727259807148766 0.18396564456313413 0.3772340558536712 0.6279899652478258
 0.44438874697420649 0.14728860055072979 0.0021760761406452336 0.81113866584731342
 0.12493409268307339 0.20527596885174765 0.21219436270768427 0.91181994495469898
 0.91682130126247918 0.27179614651777961 0.01192651099238279 0.63126726475119554
 0.040959594077170085 0.04490300441866879 0.061095592385520564 0.69127712709502986
 0.53429243900843593 0.23684525388199776 0.16217024135550179 0.85572192932960534
 0.059381713654120462 0.12045486176638494 0.0091504171995791372 0.82335360452513617
 0.095810950651312385 0.096805093700442518 0.22125552474541579 0.8610443245407231
 0.37821806276402375 0.22163350128317322 0.13843952153754585 0.68905232964031959
 0.031829118862244168 0.068375719565976087 0.033820785412912703 0.91259332848942942
 0.3182322345219466 0.14037746100762177 0.0039636186023849522 0.80208947505204942
 0.23279613332817148 0.80130625132302591 0.030966248558282117 0.50870898956163679
 0.47014846610011918 0.17154057762032779 0.0064728116936189376 0.98992958108106577
 0.11681383266495238 0.19182447718489809 0.5204042860322825 0.84136773898954054
 0.28503992479210993 0.11285281354142458 0.019847159083298292 0.70040261249239366
 0.0054686142302900311 0.19500701518685074 0.7139303234685882 0.85449428892823553
 0.090653323434546351 0.50495171611706025 0.13869250314724579 0.47814399693190707
 0.029460924718013808 0.032585245273000545 0.010151262039822199 0.89305794374823755
 0.14994235974891743 0.23181175998462603 0.14857922367522816 0.60121100916055037
 0.27632686560340119 0.22958782881962733 0.11298660446087992 0.65412981124358627
 0.082906994926616365 0.14438264368288198 0.1974084542682969 0.81535445089107017
 0.62529626610454903 0.29336224740838168 0.20677219480023953 0.49326269267521633
 0.18383084878159095 0.23855771580708562 0.27702252170324848 0.67574075293826419
 0.19759045690633259 0.21585812518095698 0.077700566634112678 0.85107845696798545
 0.34154624725403437 0.21468463649313121 0.021470174331273541 0.80537161921778011
 0.88465506573434105 0.173545254250633 0.0054975961528048855 0.83504040845348226
 0.087048382624128548 0.10126693202947305 0.058563604083314812 0.49914730461200335
 0.63862745939053611 0.045557242809629632 0.010027289033695699 0.83281193692044531
 0.89638359311043592 0.20884328012622341 0.025483592751349649 0.74337892362351399
 0.15296899978127076 0.2647327638044884 0.0098184520162949308 0.95299682009318132
 0.11613805024033752 0.093975254128507615 0.41574852313610366 0.72772117511197754
 0.038005194336123135 0.12173708526864915 0.071409856486493617 0.53855066787830919
 0.12338211214512017 0.09134768086982753 0.034129760306138991 0.80746523605697329
 0.085061993265782482 0.27985640459925476 0.026076848729992615 0.77045262139685455
 0.24810633245885433 0.063143388402501027 0.15665089241690436 0.3998688479364168
 0.011082122208955703 0.26535704250595687 0.81144847212537174 0.38910532862363267
 0.26121439838856936 0.094814026116766925 0.010810277073303164 0.96862933101025872
 0.17234825118051916 0.24716407263274423 0.14798989881357652 0.73555253277991284
 0.0085007646138051014 0.16312357202828465 0.40497603931531978 0.74815962452288098
 0.043418097595128838 0.14042899441333456 0.48126673055741814 0.66288722129739608
 0.15449855606518417 0.38572285695801406 0.37241376109201674 0.82893168264743389
 0.014880813217865444 0.072171369238515914 0.2048730730260887 0.61270948705867689
 0.045539577137223307 0.21122480065654642 0.023342534764516198 0.64698573884191057
 0.16266286341623321 0.081736389781094987 0.081075518252822443 0.86131006182378222
 0.0095381183073956453 0.14764799472059814 0.19319357888037278 0.53852384885736027
 0.25840033494461168 0.14112338232266844 0.0067743034879887533 0.96250322578985525
 0.057641834916048927 0.2269409863228822 0.14300036917126119 0.86352305887398706
 0.30448006634538471 0.36214136647043621 0.27155930750806778 0.82812649076378442
 0.027484446675231942 0.12235816395566153 0.35791312506388023 0.9195010927976669
 0.040993353357620305 0.42740716017708663 0.042167767449301431 0.88473441344408588
 0.079113931447801641 0.37968901387042986 0.35385596836333344 0.85100660075542833
 0.011346598185679421 0.031437814950342285 0.18123338492746136 0.82663077392655171
 0.41402646754152761 0.16888811218101338 0.043206606178446273 0.75835969842473816
 0.063254837731430258 0.54321579103720152 0.80506141736361347 0.74277530042031947
 0.036624201869450965 0.12211240906942201 0.070204969779007878 0.84701714357972191
 0.26580017807423784 0.28597735170635968 0.21005536543982065 0.88294702724085194
 0.17995570845229764 0.12863836059497977 0.25905135384223898 0.73622044480472681
 0.84915813881851676 0.22645702558856409 0.038597592236075846 0.73759891194709937
 0.44761503836810557 0.2205663663730639 0.025404569372157217 0.84445655064694591
 0.076259642651391124 0.31925218500598168 0.38283018569508687 0.72444997141401835
 0.10482018563657505 0.042535394860964554 0.11591194691699297 0.88809166610428791
 0.13367771454517033 0.078678618217488103 0.082887772555199371 0.44055280441352479
 0.062460717381570975 0.24384581665082206 0.050342378837376363 0.67445681527412449
 0.46177101572201051 0.16866766274251588 0.39218579466943204 0.28197715498472647
 0.27241063182016767 0.14562201653003842 0.06263454052771994 0.81710940657991848
 0.071720516558753111 0.14682431002745641 0.02925780005616262 0.93673415153111916
 0.15293943015359482 0.22278839948954546 0.04119441684005469 0.85899265666697289
 0.35690597732681739 0.19127928827184387 0.19106761467681516 0.5618604654527426
 0.27934628462757399 0.10854393169971886 0.01295534037188764 0.68035360473182804
 0.037399976277502071 0.11740125373647152 0.016347691254429527 0.84469484053597688
 0.3769326592985211 0.10697103765792686 0.0060374899808108866 0.83651244668739766
 0.86054602723214146 0.08244665618582829 0.0069354772306551762 0.7503509995646388
 0.060122251675654929 0.40263978451380239 0.70094299581354647 0.63969542710186722
 0.34166579261237434 0.4063999055413372 0.053904374171224546 0.91764925045742085
 0.04445770363982951 0.043935463602982346 0.074780958389189731 0.9394588862452522
 0.3414524624021395 0.32501095698462218 0.40234256665521806 0.41498193623049279
 0.030868269990685388 0.083686021992048804 0.095559404508639131 0.67448745361254281
 0.054249209467451986 0.12975418060288582 0.09623946773130182 0.91062523724514355
 0.096334946094554508 0.2604403838142289 0.12072569553263739 0.9451294203561702
 0.3358398586482822 0.063456919321730837 0.0098953758957785153 0.87285682084176042
 0.048595540319913297 0.11816141310267046 0.15850986267022515 0.93652995696321517
 0.066770429574402282 0.20750323972244455 0.064865936299116383 0.51868373209678154
 0.51821761429199475 0.10895034116034835 0.014015131445353421 0.61488782775770279
 0.24970174313204282 0.37579446268812866 0.20653867657850739 0.53538550531468676
 0.1077360978650229 0.43685160928475597 0.70292407949941849 0.55072983632314987
 0.012816501046930193 0.14539998912810007 0.36102928587534777 0.78803431438433891
 0.25346197989595504 0.072569177343148175 0.03686607029361065 0.8480647211613439
 0.047927445526113055 0.17066663152079503 0.43361885431931968 0.79491544511655177
 0.15571345307220433 0.35238212547476722 0.031060272525314906 0.76896631531402848
 0.20218164603825237 0.10742468822608447 0.029851622788793056 0.86843087169934152
 0.35807883631245313 0.24662892530911612 0.14918128556659291 0.20894466417394544
 0.024651001314468284 0.15915947878644104 0.07598385984035716 0.62089867434534474
 0.79199390880986709 0.1813155229112717 0.0057856200132840865 0.55167160560696749
 0.45359320351042776 0.11827136332444396 0.0056379525180406953 0.91430810080042801
 0.3600583108916105 0.1725300241675512 0.0050026984223661263 0.96101424877478159
 0.0854482947465523 0.053771453024378905 0.18568444107350274 0.72517437123365158
 0.017469110267556605 0.07099469019337154 0.063729196252250972 0.60432625497353365
 0.81705354994387902 0.21988995726530181 0.039106813290757138 0.96082076245638448
 0.34160981281239911 0.23236284137627972 0.018220138079537325 0.74039395515420481
 0.039536255236905959 0.16401623945362168 0.063447343524925745 0.84468578504187308
 0.051349068404501687 0.16452357467116729 0.04194680779624807 0.71263261064900107
 0.44136034418573622 0.093788554053988837 0.029902990071217821 0.52383615100221381
 0.67643920546091107 0.078026733063892961 0.0057024587490962465 0.91680304762227349
 0.037962251644551158 0.11099187466181427 0.31268715154593218 0.83204274354648311
 0.033566472230575975 0.050896099011428997 0.070239722507570379 0.89275678954801596
 0.14509109578788648 0.070445373713103471 0.072010544757467682 0.6084875836933431
 0.15805071731500983 0.17598680028554098 0.0087827674727379238 0.9281931828713037
 0.076571312998927138 0.038080749101592197 0.0031819931537580811 0.85025804144052042
 0.13721373738466816 0.14718784810647717 0.088310265988421593 0.54414770564767267
 0.25280204200650447 0.11720126564045252 0.04913524022858632 0.92741022777626281
 0.13186834859172061 0.41283483691919753 0.083458982181653915 0.75411691449984997
 0.010913906890814696 0.084602116902331367 0.057982606006516169 0.63840151938947831
 0.01995078561368514 0.18305401580856659 0.057046633126584465 0.82083160394515065
 0.56594550167602009 0.23414836229729408 0.010966692937153029 0.4083176315241247
 0.087762485204165935 0.20608643513321606 0.2460318727232311 0.75423934952300631
 0.32399919565862806 0.40494195802184152 0.0083247311465999979 0.6010872575061762
 0.15851105759839143 0.29915379776112566 0.0063973663774234716 0.91941548098425596
 0.089693614827157653 0.33618113128112342 0.41273734544457213 0.78950016239420506
 0.0082621421902271883 0.077946967439395387 0.74697308647044525 0.60942903428141748
 0.10355332027780698 0.15326914655478621 0.10346966505564872 0.81426459131511131
 0.11743651492821652 0.13220022823759023 0.035864765718878228 0.82251128569829046
 0.012787289000941924 0.22847897976505935 0.14826115140866894 0.92055328101913891
 0.12935281769196388 0.22560063111584885 0.097620303342559084 0.7260676502886888
 0.11129803627196247 0.12072153157570606 0.30131509396397693 0.79416936254200421
 0.27816552344234408 0.26324956718851866 0.070973973335116042 0.9664280766995853
 0.018183952904007473 0.055408373802036143 0.18704984311496925 0.89584050089327505
 0.016049889209016427 0.042500109696846797 0.21652949513690312 0.83819082126378364
 0.14788884001936486 0.13983280885628172 0.0086241107126350334 0.91632487264863471
 0.0076374674616610698 0.11876612670522652 0.32287915893616415 0.87475543204839934
 0.14341462725523946 0.25144309810821935 0.35416575044873194 0.86487151718673183
 0.20110210445313881 0.08079903770799797 0.16721939291136773 0.87716654578826225
 0.49738743396934793 0.76812016018266904 0.039223329469243673 0.81753168769054796
 0.45738173260252585 0.1700611676359593 0.024024672107494819 0.38796574598123323
 0.036069386209041238 0.14364158766225138 0.23720083105617187 0.7887638475084634
 0.1058815914354294 0.091327632807187212 0.32695884207928866 0.70736780321301584
 0.11093695004629386 0.40908189466144029 0.42214540185688865 0.8266457497628722
 0.017820228637349084 0.27689202019754255 0.56811982719777099 0.60566816846100902
 0.18725697080368031 0.10185402038328356 0.0074627117256607116 0.56729846315832289
 0.025344233936918072 0.27301341564811799 0.24139265604122048 0.83978760527610641
 0.0085572173931108848 0.29772463485538281 0.47021871270190901 0.80514425520715971
 0.0071275232262136799 0.090383985779215234 0.85960092887639861 0.87233771745053379
 0.01572046131929599 0.19786469607368395 0.032614427451084414 0.77015450378782424
 0.0099132968214303476 0.099745192968937468 0.87133703040955235 0.4990399942718643
 0.067906658226046718 0.34243178595490453 0.28273910705725169 0.81577161509522078
 0.081627380307498609 0.21686897658239351 0.031378041862642883 0.96108392848247304
 0.061868137874261625 0.27248950257602605 0.12905600450747853 0.61589141264527036
 0.41699476687931281 0.13343766512786631 0.087079710048747622 0.53984348632651413
 0.13675543581837898 0.10168988459792212 0.0081874880525432559 0.93485207649717716
 0.10895077373753313 0.20724170101066955 0.00720002081890702 0.86547937841334965
 0.038456595654453085 0.063342310492357529 0.13086700095469808 0.91665072777425638
 0.1255547713912375 0.25294476313636804 0.23029001819939568 0.86860068474716756
 0.067335778671088906 0.13774205259160421 0.074976737119527084 0.9224009211910037
 0.0066161447119977871 0.030870892552976915 0.46454839705620982 0.87039518063730903
 0.10570173756666086 0.17125594108332379 0.016080843267526446 0.88618462259333863
 0.0098884843962032103 0.42057393276745314 0.26678319875055317 0.8723348950837243
 0.48334792408427524 0.21207983999487012 0.10503019185524089 0.72059232587802802
 0.20308258238888857 0.31180560027671828 0.24098483282276928 0.78582296022646447
 0.28461572279501657 0.39497859619743469 0.084891589123565689 0.89443617666663733
 0.0089360692245487715 0.19458111046759877 0.78892137561910225 0.61153230607201936
 0.16000511611945356 0.15592692619873072 0.055098108537827713 0.92403784409811507
 0.16979087880328128 0.21750922432275033 0.25067727520103178 0.82297338305138024
 0.078804609552597132 0.22031435067409541 0.16614320249666256 0.83967259857337206
 0.092875717423115692 0.22628759507286489 0.13060489915769299 0.74509117938399527
 0.37209494299328838 0.23095519938042267 0.0021748368377636912 0.95426627593971225
 0.64420987594151169 0.051149889648032916 0.021224435768273181 0.61597942578792531
 0.045591850019858188 0.066253593720156101 0.11134423004255484 0.92094433049825575
 0.35505889816160857 0.32278175716179558 0.35825944054145714 0.89128543465769061
 0.079116305528181274 0.12159476610454992 0.015157159471302816 0.96091362414639458
 0.030760451873207615 0.050568496981412657 0.099187250524115325 0.88635398205779714
 0.3930413354130009 0.15277283879628392 0.060660211485776092 0.71893787847691337
 0.015499554914572467 0.31626398294310387 0.13881700069018421 0.74415133974471903
 0.14410439517996998 0.21979831665386287 0.093328065888286377 0.75118730083046226
 0.011182596976013925 0.14912796350743621 0.87197706945061648 0.79434119886609433
 0.12341557041736355 0.36203662644114815 0.004415582284119899 0.84918506396478866
 0.036659918877241661 0.16086945856706594 0.13222072878498672 0.88209374849329458
 0.066104950305267057 0.056843188258947082 0.018742744680943391 0.93009009938837583
 0.053082735014429068 0.21272101162324134 0.33489861497378126 0.75201410564209548
 0.027662593782132615 0.48858927999731261 0.588030722263709 0.78463980604929562
 0.27616935467423143 0.43837936620887002 0.019587566963433726 0.97736322353029426
 0.58479351024461457 0.28063131995956486 0.006944247760724726 0.8467746872505082
 0.23227673472819552 0.28962812281101097 0.10983559309743399 0.85591608992184498
 0.058818324593362808 0.034819066217831332 0.037872114718229946 0.93308449518413294
 0.068694674520766316 0.18661472479076821 0.12690395907483268 0.69755000723891381
 0.56970718667199283 0.11072158294850001 0.038836849233982111 0.61460080089998692
 0.49413635242727005 0.20795371451174513 0.045420729021246289 0.64671490109997132
 0.62550176877555519 0.14593330374460212 0.00043948534341413132 0.85632530080255087
 0.16465563320600515 0.41442457197966981 0.021127761066660835 0.7334017405678438
 0.013298223377611978 0.074413278339208286 0.52936148849842746 0.69009085029873474
 0.26380797423155289 0.31122027427251586 0.010070619448833182 0.76473104368768197
 0.26120497203289134 0.14001038169001284 0.10295863862938785 0.78957023397167592
 0.0025035416491442741 0.063037640696287978 0.27802620193160854 0.95338666857480381
 0.44856864417980757 0.12198503037696291 0.12079122210335426 0.74391613110563581
 0.1243456176067783 0.34319928999777416 0.49646803887317131 0.62804175640777504
 0.0045137344757923831 0.14383886361369158 0.45335172091678932 0.46854415079341855
 0.0013606423779817395 0.061127886997290437 0.59069221899639013 0.81717992130186956
 0.17456759396505883 0.15804329822535487 0.028097613369597676 0.88236597788512594
 0.061422531187851979 0.12431938885557021 0.61130264188113037 0.84049854847116567
 0.034664788259183732 0.043091841320343653 0.069679064019573203 0.80541585550071204
 0.063272261574230784 0.11099199452659118 0.15265226789318831 0.90176644419807861
 0.44505378188543493 0.1971378904493247 0.020129214849052082 0.32954836262152426
 0.13419609850672909 0.076512348713498129 0.0099628805986812438 0.83112276907338289
 0.051043652702523923 0.43524864168194061 0.10538451426486824 0.79888088178612404
 0.36398687294359461 0.78498570215500363 0.35834819961759584 0.74644665836517354


